0 500.0 249995.0
0 250.0 62495.0
0 125.0 15620.0
0 62.5 3901.25
0 31.25 971.5625
0 15.625 239.140625
0 7.8125 56.03515625
0 3.90625 10.2587890625
1.953125 3.90625 -1.185302734375
1.953125 2.9296875 3.58306884765625
1.953125 2.44140625 0.9604644775390625
2.197265625 2.44140625 -0.17202377319335938
2.197265625 2.3193359375 0.3793191909790039
2.197265625 2.25830078125 0.09992241859436035
2.227783203125 2.25830078125 -0.03698199987411499
2.227783203125 2.2430419921875 0.03123737871646881
2.23541259765625 2.2430419921875 -0.002930518239736557
